time,x,y,z,phi,theta,psi,x_velocity,y_velocity,z_velocity,phi_velocity,theta_velocity,psi_velocity,rotor_speed1,rotor_speed2,rotor_speed3,rotor_speed4
0.06,7.79227874683557e-08,5.710704064096064e-09,1.0025775442949079,7.5262511121110265e-06,6.283042672794851,0.0,9.240868660171457e-06,5.675548931580248e-07,0.08591484688365641,0.0003751620093122048,-0.00761534179595954,0.0,432.5904101227828,431.9488423284075,432.5305243378603,432.56210973171324
0.12000000000000001,6.002689858660903e-06,1.1048827264104794e-06,1.0133014369336417,0.000588442966988012,6.282435297890441,0.0,0.0002486568419452314,7.589315145485082e-05,0.2715216986234348,0.023744723870395598,-0.015680077803978912,0.0,462.9688890422206,462.3341509147375,462.99989601325217,464.83446735683214
0.18,3.934204896319218e-05,2.3000661895516945e-05,1.0320620418131714,0.0022102019338028356,6.281685930632744,0.0,0.0009459679421841194,0.0008060299874649898,0.3538090571285716,0.03289922121557534,-0.006769934251102902,0.0,430.0089409137381,430.76305319990905,431.89649972695514,432.6679752910076
0.23999999999999996,0.00012453725382137297,0.00011782991685746059,1.0536596356095478,0.004231854701408189,6.281186642822629,0.0,0.001933994937371503,0.002532822206593779,0.3661061739390409,0.035238270440714904,-0.011620638737966236,0.0,408.02949260302745,407.59639685149875,408.6154367666204,408.8244345622408
0.3,0.0002879920711360644,0.0003727935322025771,1.0802642120617865,0.00619323165010055,6.280087719477798,0.0,0.003607273552284636,0.0061906504369777255,0.5206534220246865,0.02703222007992943,-0.03712332815810492,0.0,455.8012520101416,453.75886301779605,453.63742871794796,452.97849791776656
0.36000000000000004,0.0005760066603287264,0.0008764633570002976,1.1142209685338849,0.0075371730119240254,6.277768053365204,0.0,0.0062215989645631325,0.010749395059962986,0.6111919579513309,0.010988799077229529,-0.041928226521763555,0.0,435.069566523498,434.66636675163824,434.18995200504884,432.8421291893148
0.4200000000000001,0.0010980647542368353,0.001715111241750253,1.1585270299849808,0.007841126761156225,6.274846100952232,0.0,0.011511888431231845,0.017269330024546125,0.8655163455036224,-0.010701207305513643,-0.06782284325851382,0.0,485.35595156654296,483.407453025141,484.08408773332536,482.4493717269321
0.48000000000000015,0.001997952900485827,0.00293105705782267,1.2160629172555095,0.007338677185609654,6.272067558017319,0.0,0.01885547911114755,0.02319566343590465,1.0521901195181493,-0.004084786676375542,-0.021316576744474618,0.0,462.789806619307,466.4337289709244,463.8840988762967,464.4034182902793
0.5400000000000001,0.0033611807223766117,0.004471702102808815,1.2819540858165317,0.006709209268858984,6.270456519554507,0.0,0.026726766841962443,0.02811926120854762,1.1440928579657472,-0.02811607620429234,-0.04121684295178794,0.0,436.47099650929823,434.8069371712696,436.30412411716054,434.29343568593
0.6000000000000002,0.005206429085584105,0.006276194852082227,1.3512648295242766,0.0045531680795969365,6.267971842567643,0.0,0.03500546902969217,0.031864132114866675,1.166240637432848,-0.06007682154325455,-0.041802915785303145,0.0,412.59053238120316,412.53773365075955,414.4913371918412,411.6722892745914
0.6600000000000003,0.007700451044103003,0.008286223613907661,1.4287534519090332,0.0004332072578554502,6.266076374782639,0.0,0.048391127504076197,0.034670385039151215,1.4164347266184372,-0.09750396267000921,-0.01650438125071548,0.0,483.26978872600665,485.17233241894587,484.35696368922623,481.53056218351225
0.7200000000000003,0.010958529607286452,0.010352981637060938,1.5165843463753257,6.277539474101614,6.264770007441179,0.0,0.06032257560438866,0.03361919521394946,1.511138188664696,-0.1103020541846267,-0.03523041441161596,0.0,437.49062584511285,435.92872039922173,438.3170885774455,437.24312224313405
0.7800000000000004,0.014971301719452478,0.01222608878389316,1.6105370350914656,6.270620802103451,6.263041907194937,0.0,0.07362970788097245,0.028121640735471375,1.620460043067604,-0.12789879655254055,-0.018327129016934292,0.0,441.11781878963404,442.5110453852528,443.2085926899451,441.74790641396856
0.8400000000000004,0.019848706221319755,0.013597090046837977,1.7127179412092353,6.262539895899767,6.262328124071335,0.0,0.08904385065371455,0.016708978155365043,1.7853120145251729,-0.1538332746446662,-0.0014178125169005754,0.0,459.42886630299887,460.76759988577845,460.185747328663,458.1117467459612
0.9000000000000005,0.02576930487628232,0.013980780432870907,1.829857950308767,6.253382508452814,6.261966086777987,0.0,0.10832516832187412,-0.00516191167231849,2.1187683707674223,-0.15030927153372733,-0.017393560673244834,0.0,509.2604922608096,508.1166687834692,508.4681462185292,508.7017725948002
0.9600000000000005,0.032663720820718466,0.013088777137741547,1.9578295943065929,6.244750075643459,6.261944523940329,0.0,0.12152454869312822,-0.025373912653593046,2.1468727188733396,-0.1333994873258437,0.02125926323089737,0.0,416.0700226637726,419.44028602986066,417.74154321717015,419.19244219393283
1.0200000000000005,0.04037094072869737,0.010774994993326655,2.088793115722182,6.23647274207158,6.263645936507313,0.0,0.13523094302322683,-0.0525406272548113,2.218410813271546,-0.14911343537993912,0.03971252384923661,0.0,432.1040915332595,433.6570962442113,432.8349077598823,431.49199692453817
1.0800000000000005,0.048950326980850674,0.006443174228691844,2.228608416461544,6.227767546429382,6.266136143783001,0.0,0.1504458195167025,-0.09289130671740513,2.4416005202177202,-0.1380599193197473,0.044863296726615765,0.0,478.75146942622956,479.14397647193914,479.1741615963919,479.9955953932352
1.1400000000000006,0.058326433289070494,-0.00033447125398129756,2.3785691398394273,6.219642743838243,6.268310816424098,0.0,0.1618197020433049,-0.13387038803226897,2.5567906136973155,-0.13059075337405116,0.007175533323790796,0.0,449.80522919216753,446.7432956097382,447.03528738054723,447.6266450627852
1.2000000000000006,0.06834303890472888,-0.009718469894072285,2.5350982304894845,6.2123458786455075,6.268329294203383,0.0,0.17203403288951996,-0.17968510680833016,2.6605532370078477,-0.10794899745948361,-0.019245243172078583,0.0,446.05047939381177,443.88763431655093,443.86563880636174,445.70615858500474
1.2600000000000007,0.07899097835112577,-0.022058874811690263,2.6986872662227355,6.206223660006636,6.267128026050127,0.0,0.18301802827412228,-0.23230797824991634,2.7920428947871785,-0.09227009615571323,-0.021619774496560357,0.0,454.29616815513276,454.1057715071989,453.41301651865257,454.66195527690445
1.3200000000000007,0.09023946162188683,-0.037279689669430474,2.8649608754215015,6.200655740074623,6.265386749070814,0.0,0.1920502679199321,-0.27550983965174125,2.7504647285586716,-0.09387651466768715,-0.0510270768536686,0.0,400.1867128408854,397.5003225474199,397.5381813186914,397.38256545398156
1.3800000000000008,0.10215849995174263,-0.05561359933737166,3.033858048523109,6.194594307386943,6.26220574615569,0.0,0.20557714467625837,-0.3362071546877164,2.8790531625299205,-0.1218016965385608,-0.057324921858584316,0.0,453.3246648424436,452.81652722315624,455.9075084202813,453.6617538898641
1.4400000000000008,0.11498504792853681,-0.07783708138209675,3.211681374631393,6.1871471397867275,6.259336669262137,0.0,0.222314304562651,-0.4053618448688185,3.0478536514054433,-0.12920697491766647,-0.03352841145651107,0.0,465.997571572901,467.85259612253634,467.3495152854135,466.758752894619
1.5000000000000009,0.12888954978731154,-0.1044348566305091,3.4001706340677655,6.178859987132046,6.257326788666759,0.0,0.2413875289118006,-0.4820844492792304,3.2344921554061985,-0.16932322746126377,-0.033437288541943125,0.0,473.2427331378105,473.2493752197119,475.14109532825205,472.0377795118637
1.560000000000001,0.14391669895870718,-0.13556390108493027,3.5972474811885755,6.168348078795768,6.255625258080304,0.0,0.25969703076907513,-0.5565675882132047,3.334301761580378,-0.1907557475734994,-0.019761912486861696,0.0,447.95210426048226,449.06257241933923,449.0262750995275,447.25433416744085
1.620000000000001,0.16017159750119112,-0.17178841794695568,3.803743611444876,6.15793109173563,6.254318525743567,0.0,0.2822617195999545,-0.6521214555950888,3.5480648933348085,-0.15193507562519482,-0.026152736803116607,0.0,483.4360081036514,482.9542369809158,482.60511055683327,485.49880177748025
1.680000000000001,0.17763532698815954,-0.21321531466063726,4.016972658918947,6.148675027686236,6.2523695356648314,0.0,0.30001304873843415,-0.7295844116301847,3.559384527599813,-0.1593897534103993,-0.0498010002930343,0.0,423.768850062858,421.7304553300561,422.49623661452665,421.8290501151132
1.740000000000001,0.19628575625151284,-0.25981190182099634,4.233447028781582,6.140240735950144,6.2497250741658,0.0,0.3219424943218714,-0.8244880300243851,3.6559368657933535,-0.11755394865166072,-0.0345599240844495,0.0,450.1369033278056,451.3675116454324,448.4042459981411,451.7706638020441
1.8000000000000012,0.2162550788794616,-0.3120631361728358,4.454270292139181,6.13283171925692,6.247574880861672,0.0,0.34389470433759695,-0.9178738252723785,3.7045192733879855,-0.13925129130121433,-0.03851989302005854,0.0,436.1211783717579,435.7896768434043,437.29729068640444,435.47150502389337
1.8600000000000012,0.23758341654150594,-0.3700641861368147,4.677979001232962,6.124316415969817,6.245342383936862,0.0,0.3672572993321023,-1.0162620838751073,3.7520855980207792,-0.14787565114786014,-0.034706832619776015,0.0,436.54929235696807,436.86669208677705,436.80388504296366,436.06477735789974
1.9200000000000013,0.2604572481647736,-0.4345588361259898,4.907135697701269,6.115111986335545,6.243241592568486,0.0,0.3954085773781331,-1.1344451638881006,3.885772613312678,-0.16774220138789875,-0.0356329168323699,0.0,463.85635402271265,463.7831495968195,465.8085091845114,464.2307696563833
1.9800000000000013,0.285015082446566,-0.5061361029845551,5.143028387054233,6.105129644350637,6.240691660949562,0.0,0.42340128637237723,-1.252411777295669,3.9767225353968105,-0.16376799995388014,-0.06203384974486332,0.0,454.6383902408203,452.5168412490098,451.6643878067221,451.9588558775938
2.0400000000000014,0.31139133508704764,-0.585329252587597,5.386171730856735,6.095313913097282,6.237216332481481,0.0,0.4561766358941827,-1.3883262707448512,4.127185650247759,-0.16325323886682713,-0.05076089307487074,0.0,472.52063336048974,473.38679112915645,471.55417818554173,471.57012123890564
2.1000000000000014,0.3396949096309005,-0.6724328380736275,5.635879043316093,6.08520885580225,6.234326497733104,0.0,0.4875504345533005,-1.5160340968706745,4.19581264017064,-0.18150529836621043,-0.043420599789146384,0.0,447.97797742730353,448.57309461907084,450.00037400318877,448.4931171194778
2.1600000000000015,0.3697634591077161,-0.7667057016118645,5.886211765799576,6.073798461507632,6.231658734040874,0.0,0.5149512884189836,-1.6273066634900466,4.148470141918045,-0.2194931331153713,-0.0466322824522737,0.0,411.35146607974764,411.0656197734463,413.6262044408598,410.2263273692006
2.2200000000000015,0.401853342724404,-0.8691948752192847,6.139912761118678,6.060249499553198,6.22906608916491,0.0,0.5549723993971376,-1.7903201279386463,4.307113253804032,-0.24305970420984854,-0.03712305768474235,0.0,477.9075445973582,478.6309504641086,479.2541320377578,477.41192759568577
2.2800000000000016,0.4362416604342076,-0.981123705102062,6.400209894618695,6.045571555025745,6.227012042120988,0.0,0.5914892048082626,-1.9419679043974944,4.36868229718906,-0.24797206870935132,-0.029006389777439343,0.0,450.93332884329186,451.5881197163483,450.2671623539448,449.8104043834924
2.3400000000000016,0.4728004086603166,-1.1021914141455584,6.663105489710146,6.030751013062902,6.225018122663672,0.0,0.6272879241605819,-2.0949177786754043,4.39384244866913,-0.245153149165051,-0.043410072160958754,0.0,440.9828563957324,439.79080906749897,440.69805947564623,440.8693752312876
2.4000000000000017,0.5116241725437294,-1.2330436621114613,6.928705689155125,6.015957199901916,6.222484858602401,0.0,0.6670608391975044,-2.2681430515338095,4.458589100102154,-0.24953846040629005,-0.03994383402546348,0.0,454.66068567495734,454.937420896411,455.1774114716374,454.7669041827608
2.4600000000000017,0.5527264346848351,-1.3739000512603703,7.195630201623525,6.000714633019392,6.220647861306954,0.0,0.7031810540839589,-2.428322019621922,4.438341194802212,-0.26502837089473924,-0.016532623773439774,0.0,427.76768531934647,429.7564825339448,429.8059209213793,428.4230949363621
2.520000000000002,0.596137863400839,-1.5251482034731076,7.4630053311739655,5.9846510656219305,6.219638488930002,0.0,0.7439288465251432,-2.6146618444293206,4.473255674485884,-0.27374084379632,-0.01740974975106906,0.0,448.7163591684781,448.6452251870124,448.9811098660348,448.2018304831087
2.580000000000002,0.6421723725045894,-1.688627289949206,7.734762411534237,5.968346264562227,6.218221495357316,0.0,0.7906227391938717,-2.8361141260084506,4.583919227044461,-0.26803821840831354,-0.040453276326855366,0.0,475.28850355464067,473.518795067301,474.963320845568,475.33115103985205
2.640000000000002,0.6909876254471207,-1.8654721475184675,8.012221858365663,5.952196805547064,6.215911436047971,0.0,0.8367428506377518,-3.0601036428146373,4.663406382695949,-0.27149052713523136,-0.03485820929181166,0.0,467.3411912472859,467.7765066131129,468.6009011507409,468.263329625725
2.700000000000002,0.7426335222029656,-2.0561700163392627,8.29456367337468,5.935523709644812,6.213649485137861,0.0,0.8849511512915149,-3.297885698856526,4.746537305224032,-0.2953990078730812,-0.04408983657903309,0.0,473.1138250250919,472.40180357246163,472.2614566025145,470.3390428098569
2.760000000000002,0.7970618165946293,-2.260705229455447,8.579629161207338,5.917539487159912,6.211346346776654,0.0,0.9295119876609227,-3.5213859563041385,4.754478395210403,-0.31021744125565237,-0.028902054588284487,0.0,450.4558393236161,451.681822168051,451.40798505759454,450.1197822253395
2.820000000000002,0.8543826249664181,-2.4798815940896155,8.8673552150617,5.898979509459814,6.209037894735992,0.0,0.9812956281482783,-3.7860153791378077,4.834650423434857,-0.30762462875566754,-0.07644525393403301,0.0,479.2365143372874,475.6072457628761,476.6323560476364,476.7399494046546
2.880000000000002,0.9146878275041548,-2.7143942497618303,9.157467175758097,5.8809003194121985,6.204376250144946,0.0,1.0292603420208195,-4.032465172979816,4.834385376705278,-0.29103304119185636,-0.08031496616653105,0.0,454.00119411434474,453.6858710001326,454.93742223302235,456.1738146451139
2.940000000000002,0.9781042137021387,-2.964733086291675,9.449069503165136,5.8635748685627895,6.199633330357251,0.0,1.0850257492459625,-4.313462168418797,4.883926735570959,-0.2845657111768239,-0.07663066740012535,0.0,473.98830991019685,474.2668489463944,474.06431145951024,474.48216357244866
3.000000000000002,1.0446097014578632,-3.23056031687212,9.73966398070283,5.846487487803664,6.194443478755121,0.0,1.132177067785458,-4.548672874996507,4.801571018657554,-0.2852403055671033,-0.1294824493982411,0.0,435.63480593388766,431.1837073270351,433.3243931548895,433.18311668860554
3.0600000000000023,1.114344104820932,-3.5122063664446443,10.028214346637398,5.829349600448438,6.187381208526716,0.0,1.192938525487669,-4.840704101029946,4.814994735107566,-0.28642348740352414,-0.10095088500431597,0.0,467.4270174913267,469.63350704624474,469.2726991754177,469.10278118456444
3.1200000000000023,1.1873723782320662,-3.8094868689635817,10.312889879485004,5.812367102961289,6.181637998065783,0.0,1.2417608807846652,-5.069831075663525,4.673396212874456,-0.277028700533742,-0.08690906083092283,0.0,418.8537903635631,420.06501234301356,416.4106140244589,417.14475315164617
3.1800000000000024,1.2635848835632975,-4.121522675448303,10.590409546549283,5.79582674206898,6.176042031383663,0.0,1.299045386502753,-5.332476468561005,4.576073024315485,-0.2730957564103533,-0.11067516461739477,0.0,437.60233167209253,435.6111285839835,436.5059041529247,436.7557234287998
3.2400000000000024,1.3437142534503763,-4.451243895324157,10.865040392039786,5.780220130539112,6.170037751916389,0.0,1.3724236441817028,-5.659181563934164,4.576300883055361,-0.24216041463405086,-0.08456079033542642,0.0,472.9163880743625,474.915725305443,472.6664749825924,474.9803462244826
3.3000000000000025,1.427551965393309,-4.7974423677589835,11.133315953468145,5.765855286546591,6.164559706931254,0.0,1.4225194654929982,-5.881828332656952,4.365733677849208,-0.2344299470481897,-0.11028040377931317,0.0,402.8814689114914,400.5401198556817,399.3719828813912,400.0123663873894
3.3600000000000025,1.514715636776643,-5.158209645190645,11.390598609402735,5.752528362254132,6.158195564483798,0.0,1.4833844154221292,-6.144672501487029,4.20939874549441,-0.20482693534075277,-0.09875908972151261,0.0,423.40145683720783,424.3812727191116,422.0012639062158,424.49689503983524
3.4200000000000026,1.6062458204201189,-5.537444825611159,11.64257538471241,5.740126845268801,6.152014109313285,0.0,1.5680494052513598,-6.4970949417973465,4.187853860546153,-0.2107028530560741,-0.11331128027303419,0.0,476.10760923142016,474.9840596271303,475.2945163388481,474.80482608572055
3.4800000000000026,1.702817110786877,-5.937440180448418,11.892022970774963,5.727275108358004,6.14562542928682,0.0,1.6514479814204899,-6.836722619378512,4.125225365519671,-0.22228498056997462,-0.09547330153939454,0.0,464.5363909618379,465.92385857938416,466.4103688925833,465.46151599832075
3.5400000000000027,1.8035868960280161,-6.354566889262378,12.131928759369178,5.7142403050272,6.139921633585008,0.0,1.7079113309745482,-7.068530444047124,3.871121319103115,-0.20872033651358904,-0.0942561458889325,0.0,396.1795549516016,396.2826056689027,395.1131328521246,396.3089409011545
3.6000000000000028,1.9082227017119828,-6.787313987984965,12.358823237875427,5.701473527734873,6.1342178017388065,0.0,1.7802997914371328,-7.357200348899825,3.6908588845754733,-0.2224531870813749,-0.09672901039938843,0.0,428.30053663125614,428.08204357821216,428.0133944206564,426.7957243203595
3.660000000000003,2.018035133308905,-7.240335562563764,12.578871892999297,5.688741643566173,6.1292509076508,0.0,1.8803904758896108,-7.744005157148818,3.6417484799021387,-0.19708244266906083,-0.06388868133133302,0.0,479.3143356236804,481.7987904960593,478.95829449164296,480.84303231044925
3.720000000000003,2.1340966549089257,-7.717386281275064,12.796578048959729,5.677039080906354,6.1259214822582475,0.0,1.9883924828737989,-8.157989028385504,3.6125636288981164,-0.19125282945596667,-0.0425088410990041,0.0,491.90153507891483,493.4807677955058,492.72562884671015,493.12347612704315
3.780000000000003,2.2565949664983127,-8.219169573974453,13.011777726833495,5.665245234302784,6.123870047118313,0.0,2.0948095737702626,-8.568422741694775,3.5582563479182334,-0.21013774290476553,-0.021304129656945784,0.0,488.8114653943974,490.3891137210256,491.17530273593786,489.7381315108182
3.840000000000003,2.3846955020618545,-8.742905452143503,13.219372134937219,5.65233827651714,6.122193704369035,0.0,2.175179969468714,-8.890192452054706,3.360026594641879,-0.22758893275046707,-0.04649354188944013,0.0,443.5086284195211,441.43384341380795,442.88677329827,441.40216498742154
3.900000000000003,2.5183236863801937,-9.288656587579261,13.418234424344627,5.6387802965405776,6.119364503675943,0.0,2.279044925680832,-9.301860044283142,3.2660232003283136,-0.22290958696841537,-0.04850627975166703,0.0,487.6833004600393,487.531775308965,484.8074550724453,485.1130072313333
3.960000000000003,2.657627877091885,-9.857190347970091,13.608281994138009,5.625028409590318,6.116376285223474,0.0,2.3644674541818045,-9.64989644679353,3.0669536059082834,-0.246306227211814,-0.05253251127233504,0.0,453.80732235531,453.48240721200267,453.5919012899726,451.6563400035297
4.020000000000002,2.802478279880249,-10.448234936216963,13.787910589191183,5.610117068830737,6.113346306307488,0.0,2.463840415273877,-10.051968934716315,2.917958083775959,-0.25335913953626055,-0.0467171169998661,0.0,477.7590019397298,478.20091857649186,478.3057866333767,477.71092646154824
4.080000000000001,2.95277846674599,-11.061656605799191,13.955773244378815,5.594696789560871,6.110884898340089,0.0,2.5461590314306486,-10.396079050089753,2.675405641402309,-0.2655077399304338,-0.03155478039687616,0.0,447.7068658765903,448.9383780996541,448.62246368309764,447.5684521707772
4.14,3.1088379548955123,-11.698881684770376,14.112312332825718,5.5784111738256605,6.108871105109124,0.0,2.6555758011198383,-10.844867589176863,2.539172867190204,-0.2871264049940917,-0.03791651851252493,0.0,496.59559853255473,496.1282389062014,496.1404236896756,494.483152980024
4.199999999999998,3.270974929107657,-12.361439260022,14.25809451246863,5.5614146641003135,6.106691647997312,0.0,2.7488362265095376,-11.240718202721466,2.31735105517608,-0.27652624655556285,-0.03331682692723131,0.0,471.3329621482708,471.6879369156249,471.1576117638574,471.9003481448236
4.259999999999997,3.438646802004927,-13.047711108656054,14.389870150436309,5.545094301751952,6.105124497732357,0.0,2.8400334113250487,-11.635314670421906,2.072330067168877,-0.2642422269684889,-0.01463430462688209,0.0,468.9672780239749,470.4166308127869,469.84950581594535,470.7308378681409
4.319999999999996,3.6113475894857823,-13.756228284993686,14.50474180474304,5.529930940358906,6.103830369541413,0.0,2.9165117266338,-11.98251051990134,1.7544938101747802,-0.23625276669935183,-0.04141036414115601,0.0,449.1226445066003,446.94457069245476,445.11223959138397,447.33310637404026
4.379999999999995,3.788365785184511,-14.48475470923866,14.599094210096723,5.515835141059,6.101753780495786,0.0,2.9840880526333473,-12.302481470541753,1.3886957661146035,-0.23241246681716024,-0.023642267261382188,0.0,432.4094210031164,433.9037512736767,431.3584468774792,431.62595769520317
4.439999999999993,3.9694797596955715,-15.23281719367234,14.671295571391006,5.501677364431549,6.099923117550816,0.0,3.05297342289466,-12.633665252402487,1.0159579834821373,-0.2442073640177556,-0.050061669679668436,0.0,436.4791470346441,434.2671577167019,435.47130822032585,434.42596190074914
4.499999999999992,4.1547487162928425,-16.001011094236308,14.720819791045066,5.486860391087983,6.096887329844069,0.0,3.12264540147837,-12.973428811225808,0.6325527009584768,-0.2530770306994249,-0.05168768879652188,0.0,436.0998654034242,435.9622858672474,438.3254118938868,437.52508263659684
4.559999999999991,4.344815778692048,-16.79207277120666,14.749157560844495,5.471200982704087,6.093227911247041,0.0,3.2127645101130633,-13.39532289498275,0.30870754293993485,-0.28556070928294613,-0.09578786804021773,0.0,473.15774408942434,469.74568194719035,472.70961794768107,470.1325929856862
4.6199999999999894,4.53979507768773,-17.606658082386296,14.755687771173463,5.454114594055488,6.087185260738332,0.0,3.2866075874316487,-13.7577861488691,-0.09398771065147393,-0.2832464260577822,-0.11302280536362498,0.0,447.1068463980346,445.6908643310842,445.555644237292,445.66290231366565
4.679999999999988,4.7390947418906695,-18.442576816254622,14.737027406068838,5.436910893739265,6.080445191500189,0.0,3.356819210340163,-14.106480386590723,-0.5309351325226295,-0.2947820882263877,-0.11099340446675265,0.0,439.54663770767684,439.70352482036145,439.39449375729134,438.35172852752555
4.739999999999987,4.942647238073222,-19.29955375754452,14.691619328441213,5.419666686814541,6.073572097723211,0.0,3.4283279582257977,-14.459626285332687,-0.985765448594031,-0.27570921380294694,-0.12282757527315562,0.0,441.0695952163212,440.07870674480586,439.51584444109375,441.00939358973835
4.799999999999986,5.151816839044544,-20.18243147104411,14.62225675144628,5.40276643188818,6.065787301402519,0.0,3.543881409372808,-14.968615635228009,-1.3311778222676436,-0.29752520886408607,-0.14948931715616387,0.0,503.6190079994706,501.6721831779735,503.3558256551846,501.70268599821463
4.859999999999984,5.366698971038277,-21.091456748520763,14.527747095841663,5.3844170134536355,6.057256570747374,0.0,3.618923138499243,-15.332131083748916,-1.8226917061387193,-0.33262437487077623,-0.130559124546048,0.0,447.2018010496787,448.72301298686875,449.81763116386736,446.86755425717683
4.919999999999983,5.586841901389878,-22.024817388724347,14.40503147351809,5.365047391535851,6.049437926972425,0.0,3.718982404873399,-15.77887906649632,-2.27256238809559,-0.30823493454694584,-0.12981903062519085,0.0,481.9362262976102,481.9780815100069,480.9450082623451,482.6909282336683
4.979999999999982,5.8116750006660896,-22.980550541772754,14.251157129123651,5.34686845257964,6.041781020746608,0.0,3.775471435774957,-16.079136920296214,-2.8597706962983813,-0.2941539672780709,-0.12354018106195302,0.0,424.6607398299017,425.18362000655316,425.5325528914604,426.6388223454715
5.0399999999999805,6.040964985090368,-23.9578271406083,14.063936576324965,5.3293347315905955,6.033962877157252,0.0,3.8673056206111447,-16.495988563608158,-3.385446419148864,-0.2886406574925974,-0.1493664969350461,0.0,472.00303500978606,469.9895153353213,472.46790709559275,472.81180602928293
5.099999999999979,6.274494287531751,-24.95603662034168,13.84148664495364,5.311722327189608,6.024756954201216,0.0,3.9170427450397924,-16.778035907260797,-4.032883501146653,-0.30574910851929754,-0.16312997346568875,0.0,420.8350004056978,419.6172621417585,420.1351297590672,418.5541953332584
5.159999999999978,6.51251912498432,-25.97591457510921,13.582672645631076,5.293305983690784,6.015268028120346,0.0,4.016816962292641,-17.21658539204526,-4.599473532747022,-0.3094250863129644,-0.1497009783763673,0.0,480.0238396140167,481.0206013048815,481.2090310658408,480.84223184443147
5.219999999999977,6.756191360043174,-27.0210171339995,13.288264009359645,5.2745873370382785,6.006478232651055,0.0,4.105227019979273,-17.61902443194507,-5.219231236125171,-0.3176282021347057,-0.14076106517593878,0.0,471.24237049875774,471.91453174343627,470.40638340239326,469.67657209255657
5.279999999999975,7.004235483265586,-28.087497205689132,12.954047062129465,5.255528303476801,5.997946650584739,0.0,4.1626455748173266,-17.92986930642603,-5.925759478697538,-0.31769518761750964,-0.14521908703913058,0.0,437.9643764802614,437.5739918576505,439.9839519763774,439.8740707008626
5.339999999999974,7.2560006062766265,-29.17350098090168,12.577105661259736,5.2367686332990875,5.989013958890592,0.0,4.229138950977036,-18.269424807871474,-6.643925545752371,-0.304147136433097,-0.15742858905005627,0.0,450.9709101305385,449.9623298003893,451.54450382067745,452.53854940604674
5.399999999999973,7.512048587642037,-30.28077223735491,12.156661692565246,5.218298462724661,5.979062743195982,0.0,4.30530564000912,-18.63843501778979,-7.376387883929276,-0.3164547757658921,-0.19353109280080522,0.0,464.86663978567645,462.0007544175997,465.74562111083543,464.6889809537847
5.4599999999999715,7.771234864916534,-31.406239765458086,11.689105845638089,5.198947065834178,5.967808188157569,0.0,4.333987418106395,-18.877052638190154,-8.213446110763199,-0.3387673575350478,-0.17775607930300463,0.0,416.1221659682354,417.4648617363418,418.92712239603657,416.8659309801722
5.51999999999997,8.03290593430219,-32.54820357021569,11.171526674722896,5.178628054351503,5.957384177819415,0.0,4.387774164354883,-19.187116849182402,-9.044924947739469,-0.33841756094579145,-0.16671500058299776,0.0,445.6766330451617,446.54978981268476,446.19315319315393,446.1043942633463
5.579999999999969,8.298869395657626,-33.71165073510052,10.604447714027355,5.158213813549885,5.947518165248729,0.0,4.476647317996542,-19.591877405231173,-9.864694443831219,-0.34413843428793206,-0.16022730968496396,0.0,483.981365109639,484.44635416859376,483.34810735246276,482.80757022289185
5.639999999999968,8.569346482522977,-34.897300481744104,9.986017208822435,5.1375969423274945,5.937435917255652,0.0,4.538278062486161,-19.92764996482219,-10.756415434836235,-0.34258974801812747,-0.1920850399141954,0.0,466.49357580922833,463.9707737933542,466.10679986011894,466.1125134531554
5.699999999999966,8.843607483433049,-36.10338323538123,9.313017856621146,5.1170768777192635,5.926921443632299,0.0,4.602632397899993,-20.272616087910823,-11.684174167989415,-0.3408523144619357,-0.15380399710751463,0.0,472.35756537877296,475.2737116462283,474.3825656386264,474.4039220545223
5.759999999999965,9.11983410617433,-37.32557504654603,8.581125970472815,5.096927903931942,5.9178686285096305,0.0,4.604202020859904,-20.466280263357785,-12.71865722950414,-0.327300770075354,-0.1456004676534532,0.0,423.9164681237934,424.59873932085094,424.41931860213606,425.4600802475187
5.819999999999964,9.398465862688223,-38.56516533909001,7.7882047806623245,5.077647390290586,5.909975694057515,0.0,4.681955425763464,-20.850192903272298,-13.7206409336828,-0.3115268212342662,-0.11256472141530993,0.0,493.60427378958383,496.02321571694927,494.05784316646464,495.1257566880877
5.879999999999963,9.6798993685383,-39.823486697376296,6.932006498865058,5.058987984930951,5.9031011121640375,0.0,4.698114188662469,-21.09241243621496,-14.827350866967397,-0.30994043447615244,-0.11893374179636436,0.0,453.6980179383305,453.1745118535002,452.223683282835,452.2546261913073
5.939999999999961,9.9621763614463,-41.096259009361916,6.0078068430860005,5.0407803361058185,5.895599251852126,0.0,4.7099838325279775,-21.331794675898845,-15.98805749733348,-0.29293981467604613,-0.14142579717015605,0.0,455.79435516491804,453.97756367586385,455.21535028418907,456.4830983900144
5.99999999999996,10.24552420175868,-42.38446081645621,5.012597609952073,5.0236971963408035,5.8872038856751665,0.0,4.733625521830486,-21.606446077442698,-17.19542276230811,-0.2719745493527435,-0.1370776120051674,0.0,469.79381843547907,470.1140914551778,471.42830374877195,472.96918649342507
6.059999999999959,10.526952765184442,-43.68182540867584,3.9406708659221343,5.007084502250306,5.878925199860046,0.0,4.647153701581149,-21.64069076768664,-18.54458256343965,-0.2891031840418253,-0.13984056985093676,0.0,384.182720891341,383.8994617981216,384.0727630700543,382.3513097399402
6.1199999999999575,10.806808546545334,-44.989712194300026,2.7883233360416795,4.989497304799404,5.870489800021893,0.0,4.679545607134626,-21.952719818744207,-19.879140683577425,-0.30266292255863153,-0.14213079711105644,0.0,484.3514575809078,484.1624587658794,485.2322199926779,484.13251355860683
6.179999999999956,11.086011894923907,-46.310881821117974,1.552008961940412,4.972061667687051,5.862611333789584,0.0,4.62611873137803,-22.08554970261464,-21.343484402515983,-0.2735621632093419,-0.11556318224948163,0.0,426.9075268280704,429.15345616383075,426.2337075631618,428.6249938311173
6.239999999999955,11.363344842837765,-47.64325698443966,0.22614448844379959,4.955768146508065,5.855246164502468,0.0,4.616654838976652,-22.32506351114474,-22.86638447324564,-0.2678340537782453,-0.1437194331900275,0.0,468.5204016586501,466.31087813386756,467.5984140217225,467.9743293958083
6.299999999999954,11.637339103302653,-48.98447599993651,0.0,4.939345353611294,5.8467877245472355,0.0,4.515691864788239,-22.382886857125474,-24.53287999266617,-0.2892651458787689,-0.13598738233998645,0.0,404.2331827559858,404.9093840629003,405.56002108551337,403.5436682495171
